[LEFT_CAM_2K]
fx = 1398.99
fy = 1398.99
cx = 1184.27
cy = 637.525
k1 = -0.169898
k2 = 0.0228941
p1 = 0
p2 = 0


[RIGHT_CAM_2K]
fx = 1401.2
fy = 1401.2
cx = 1077.07
cy = 629.32
k1 = -0.168863
k2 = 0.0223312
p1 = 0
p2 = 0


[LEFT_CAM_FHD]
fx = 1398.99
fy = 1398.99
cx = 1040.27
cy = 556.525
k1 = -0.169898
k2 = 0.0228941
p1 = 0
p2 = 0


[RIGHT_CAM_FHD]
fx = 1401.2
fy = 1401.2
cx = 933.073
cy = 548.32
k1 = -0.168863
k2 = 0.0223312
p1 = 0
p2 = 0


[LEFT_CAM_HD]
fx = 699.494
fy = 699.494
cx = 678.637
cy = 366.763
k1 = -0.169898
k2 = 0.0228941
p1 = 0
p2 = 0


[RIGHT_CAM_HD]
fx = 700.602
fy = 700.602
cx = 625.036
cy = 362.66
k1 = -0.168863
k2 = 0.0223312
p1 = 0
p2 = 0


[LEFT_CAM_VGA]
fx = 349.747
fy = 349.747
cx = 354.818
cy = 190.881
k1 = -0.169898
k2 = 0.0228941
p1 = 0
p2 = 0


[RIGHT_CAM_VGA]
fx = 350.301
fy = 350.301
cx = 328.018
cy = 188.83
k1 = -0.168863
k2 = 0.0223312
p1 = 0
p2 = 0


[STEREO]
Baseline = 120
CV_2K = 0.0149277
CV_FHD = 0.0149277
CV_HD = 0.0149277
CV_VGA = 0.0149277
RX_2K = 0.00193337
RX_FHD = 0.00193337
RX_HD = 0.00193337
RX_VGA = 0.00193337
RZ_2K = -0.000299574
RZ_FHD = -0.000299574
RZ_HD = -0.000299574
RZ_VGA = -0.000299574
